0.05
0
0
0
0
1
0
0
0
0
0
0
0
0
1
0
0
0
0
0
0
0
1
0
0
0
0
0
1
0
0
0
0
0
1
0
0
0
0
0
0
0
0
1
0
0
0
0
0
0
0
1
0
0
0
0
0
1
0
0
0
0
0
1
0
0
0
0
0
0
0
0
1
0
0
0
0
0
0
0
1
0
0
0
0
0
1
0
100
5000
5000
5000
0.01
1
0.3
0.3
1
0
0
0
100
5000
5000
5000
0.01
1
0.3
0.3
1
0
0
0
100
5000
5000
5000
0.01
1
0.3
0.3
1
0
0
0
100
5000
5000
5000
0.01
1
0.3
0.3
1
0
0
100
5000
5000
5000
0.01
1
0.3
0.3
1
0
0
100
5000
5000
5000
0.01
1
0.3
0.3
1
0
0
1
1
0
0
0
2
0
0
0
2
0
0
0
2
0
0
0
2
1
0.1
2155905152
0.0001
0
0
0
1
32
1
0
1
1
1
4
0
1
0
4
0
0
0
4
0
0
0
4
0
0
0
4
0
0
0
4
0
0
0
4
0
0
0
4
0
0
0
4
0
0
0
4
0
0
0
4
0
0
0
4
0
0
